.Random.seed <-
c(403L, 10L, -599514352L, 1551089902L, 1947787417L, -1813068501L, 
1394703386L, -24981796L, 300967647L, 96342197L, 561960524L, -884098398L, 
1652941309L, 1863674615L, 895810590L, 1571665624L, -1690244549L, 
-843970599L, -1703916184L, -473023338L, 2077473297L, -1228590141L, 
-1578086446L, -1489008028L, -1675474521L, 1267590909L, 1139696372L, 
1234134490L, 533084453L, 62595135L, 1518411718L, -69368752L, 
-232478605L, -1163236207L, 1488129216L, 701611678L, -578284951L, 
642126491L, -447094870L, 1942809548L, 283747983L, 793540293L, 
-794182020L, -1221160238L, -1951721907L, 627849991L, -401178898L, 
1410579400L, 1938476235L, 1507079465L, 1779881336L, 287623846L, 
1260072129L, -930165421L, -1466021374L, -1420700876L, -751189833L, 
-255170387L, -1306159676L, -35691030L, -1286669739L, -1118010385L, 
1623860214L, 1473582368L, 217365219L, -1161782399L, -387187216L, 
-1391975282L, -1775047687L, -1524692597L, -1262275142L, -1662444356L, 
946630655L, -612430507L, -1663455636L, -181736766L, -794596067L, 
1301439383L, -1322191106L, 1691624632L, -1635379557L, -398904071L, 
1463633480L, 1950163318L, -199587663L, -58012445L, 1343257522L, 
1614554116L, 612362055L, 946257437L, 1518228628L, 525612090L, 
159288965L, 1316679519L, -943804442L, 766083696L, -1456380525L, 
1296724529L, -1296994080L, -942626434L, 1592577033L, -248931269L, 
138748426L, 831695340L, -161911185L, 126042533L, 270752092L, 
-830356174L, -1343882195L, -594832665L, 2029099022L, -1094972952L, 
-109818901L, 2059465865L, 689631256L, 226307910L, -2012779103L, 
1897342003L, 677210530L, -446575468L, 1610803991L, 1693361421L, 
729814052L, -1526152182L, -1116153483L, 2009366735L, 1888596950L, 
-1156109440L, 288563139L, -1101457055L, -1525125168L, 2087020334L, 
-151520551L, -150546197L, -881972902L, -2088570084L, -1370642913L, 
1586691701L, 1582324492L, -1219307806L, -482460739L, 238541879L, 
-1077342498L, -245601768L, -483543685L, -323916519L, -1026346584L, 
1801897302L, -325241391L, -1791144573L, 687838226L, 200597412L, 
1524528999L, 1769907389L, -32861132L, 1580652442L, 1487963109L, 
-1770881153L, 154443526L, 1023269008L, -1081937613L, -533666095L, 
1978659968L, 950170974L, -1381610839L, -1589455525L, 1836009322L, 
1475776012L, -859601329L, 1432996613L, -1496134724L, 1420811922L, 
-641843827L, 850095559L, -204484946L, 46081800L, -1250347765L, 
746111977L, 225375416L, 190899046L, -691271679L, -352332141L, 
-901945022L, 496518900L, -1044589833L, 1455866605L, 2005556612L, 
-1279667286L, -89265899L, -1253727313L, -1986888778L, 1812128224L, 
1222312227L, -435374527L, -1259538128L, 365087566L, 1340723641L, 
1653328843L, 1194377338L, -1230265988L, 96055743L, 615681685L, 
-762923860L, 1293540994L, -1761348003L, -869426857L, 1278280766L, 
1149143160L, -31435941L, 1901121209L, 1625096968L, -772228682L, 
1881392881L, -1083158237L, 1109099378L, 765569476L, -318516857L, 
1167043421L, 1881564500L, -1767635078L, 200074949L, 1235019807L, 
1532170150L, -1005817552L, -875861037L, 1013953009L, 2036553504L, 
-1254153794L, -621391415L, 1758680104L, 846370060L, -750751812L, 
-1433161422L, -698486336L, -1817089484L, -1101397048L, 1589047482L, 
-2114106992L, -1617499668L, -777520556L, 1967372434L, -1091119328L, 
104296908L, 1013528032L, -270555454L, 1198234664L, -1026032980L, 
-197811012L, -1665846798L, 352829744L, -1359676252L, 647966392L, 
1742663002L, -614982256L, 798702460L, -1559580396L, 1850676034L, 
-449955072L, -1324488772L, 183691088L, -937090270L, -767929016L, 
149516812L, 1307678812L, 1825735890L, 649486848L, 669439316L, 
-2139569688L, 949152762L, 31330512L, -671339220L, 481952500L, 
1495556498L, 1006752864L, 1687948556L, -861719840L, 293015906L, 
-1529300312L, 327623244L, -890439300L, -1434288846L, 686411888L, 
-1577275580L, 1386161624L, -2089845638L, 960151088L, -1221815620L, 
168044372L, -1611119550L, -637125216L, 406006460L, -1177824816L, 
-1609431710L, 2055114728L, -32981044L, 1436219132L, -1941513742L, 
288395392L, -134501132L, -1068102008L, -1602158790L, 946002768L, 
-1160810900L, 1855834260L, 925407570L, 1761842912L, 865426124L, 
920420512L, -1180824702L, -292035864L, 90784492L, 1076800572L, 
-573064590L, -1535736720L, 1783332388L, -164520904L, 332269594L, 
-1104545072L, 1191238716L, -474340204L, 1021746306L, 1941839808L, 
1439134012L, 910588560L, 759231522L, 485921800L, -506173300L, 
-159456228L, -1703887214L, -830356352L, 483020820L, 1639456040L, 
1413193274L, -953234224L, -1395235732L, 1649849012L, -1204740078L, 
-1233807392L, -31451188L, 1758662112L, 1636107810L, -418168536L, 
933894412L, 1399711292L, 1375301874L, -1128434960L, -1158364348L, 
-1829674408L, 1464289850L, -1644560656L, -60033860L, 1793938964L, 
404994242L, -74151840L, -884910724L, -796273456L, -312861662L, 
434258600L, 781461388L, 1139126716L, -619162574L, 2081445696L, 
-806623052L, 1434434376L, 1338481338L, -619194608L, -1725972244L, 
701617236L, 1097096978L, 1617714080L, -1562902580L, 689159008L, 
-973451070L, 988030504L, 700360108L, 280616764L, -898234510L, 
-1661134032L, 495338020L, -1433315272L, 2039112922L, 623405456L, 
1903953660L, -45486188L, -454857918L, -1605541376L, 1702181436L, 
776371792L, -1967588702L, -1207641272L, 1355833868L, 829631708L, 
-327886254L, -697202560L, 945396564L, 2104146408L, 1481132794L, 
1186232144L, 190725164L, 1061336436L, 1731856018L, 2046573152L, 
776258188L, 429128544L, 167502562L, -2015608664L, 1214447820L, 
1334987260L, -872443982L, 1507513840L, 1826899396L, 1997774680L, 
940829562L, -1813572176L, -1567745604L, 178301012L, -1377588286L, 
592806688L, 1743847356L, -1424274864L, -446071326L, 1117393256L, 
1592888652L, -830584580L, 346055410L, -536930560L, -1036171660L, 
-1322555384L, 568048058L, 800298960L, 1953225196L, 471191444L, 
-1800539438L, -1695977888L, 463963468L, 881317152L, 787042946L, 
-921064984L, -1694693396L, -1246398916L, -1880543630L, -1365236880L, 
1153231140L, 496185912L, 454590874L, -30504496L, -621666884L, 
-1980684140L, 263126146L, -677853760L, -781040836L, 40334480L, 
470262562L, -1351275000L, -2132808436L, 535041436L, 2086145857L, 
-908087866L, -36897020L, 154811061L, -2010810977L, 52431352L, 
-1398569002L, -1508109725L, -1093547483L, 1536487874L, -458688848L, 
-1579946279L, -1286834101L, -1209129284L, 1021363434L, 376082719L, 
1506353577L, 313329470L, -1611140564L, 2049515645L, 1115751111L, 
1160330160L, 625929678L, -947200261L, -1105648291L, -344297846L, 
-1726763864L, -585304047L, -1888171773L, 321233924L, 1943292978L, 
1998627975L, -1982107439L, -1238556074L, 722307636L, -1561841339L, 
1143802767L, -89084152L, -624125658L, -1037973037L, 931111733L, 
1735406226L, 926148192L, -1028169783L, 2001964795L, -1481387828L, 
-1818277542L, -1727126449L, -1519343335L, -87600338L, -683950788L, 
730999469L, 503719255L, 1513444512L, 575267326L, 309382347L, 
1558563533L, 1341826554L, 2041235000L, 588778465L, -368290669L, 
-1445245260L, -1032113214L, 321603543L, 2143782945L, 626622438L, 
147561188L, 495365653L, 321746495L, 1939563992L, -728200202L, 
1378747395L, 1233725253L, 1377645410L, 1453874384L, -510457863L, 
1934560043L, -72007524L, 1310056138L, 836978623L, -660446455L, 
-30172130L, 434546124L, 327036829L, -1536673241L, -1780737968L, 
-727678738L, -481931877L, -1070517251L, -1691021590L, -779003512L, 
-1163413711L, 368863139L, -143282268L, 1282214482L, -837983833L, 
1298765297L, 1237049654L, -259622444L, 295276389L, -1647689873L, 
-833617496L, 2060195590L, -408071629L, -1388736363L, 1970778354L, 
1739106624L, 786585257L, -738136293L, 790182124L, 470783226L, 
-1727308497L, -1178318535L, -888538290L, 594362780L, -1470588147L, 
-522031753L, 1337026944L, -321015842L, -744908629L, -201274451L, 
482422810L, 1905764056L, -246274239L, -1671718925L, 390093332L, 
-1748270174L, 1917877431L, 486364801L, -175198586L, 1287132868L, 
887674869L, 778174047L, 1700354232L, 1269783958L, -1188098141L, 
-2059926683L, 781935234L, 1545514992L, -998393447L, 1374992267L, 
474022524L, 2016514218L, 1016247007L, 1593606249L, -19301762L, 
911524460L, 1087585981L, -973077625L, -886315152L, -733704690L, 
